Cgl0006_1176_G_A_sub	BA000036.3	100.000	113	0	0	1	113	6417	6529	5.65e-54	205
Cgl1436_1113_CAA_del	BA000036.3	100.000	121	0	0	1	121	1513969	1514089	2.79e-58	219
Cgl2342_213_GCA_ins	BA000036.3	100.000	220	0	0	1	220	2484655	2484874	9.96e-112	398
Cgl1790_1647_TCC_sub	BA000036.3	100.000	164	0	0	1	164	1898854	1899017	1.80e-81	297
Cgl1386_327_18to15_sub	BA000036.3	100.000	327	0	0	1	327	1454115	1454441	1.25e-169	590
Cgl0591_-1_Ppgk_promoter_ins	BA000036.3	100.000	109	0	0	1	109	604361	604469	8.02e-52	197
Cgl0141_cds_del	BA000036.3	100.000	136	0	0	1	136	153087	153222	2.29e-66	246
153019_ecoil_ybeL_ins	BA000036.3	100.000	202	0	0	1	202	152818	153019	5.35e-102	365
153019_ecoil_ybeL_ins	BA000036.3	82.081	173	30	1	3	175	972210	972039	7.96e-43	169
Cgl0851_ecoli_pgi_sub	BA000036.3	100.000	256	0	0	1	256	907500	907755	3.35e-131	462
